205.97
203.40
215.31
212.65
211.84
208.84
207.42
205.34
201.68
198.85
189.48
189.70
191.75
192.47
190.90
184.35
188.00
185.71
180.54
182.14
180.59
179.35
179.23
177.99
177.92
179.83
184.99
185.47
191.92
195.37
196.00
195.97
196.79
193.59
194.96
200.29
199.88
200.61
200.85
200.16
199.26
200.99
201.57
199.50
204.49
203.13
204.44
205.08
201.40
201.51
203.73
204.39
204.00
205.87
206.11
205.09
205.88
206.50
207.23
208.91
209.15
209.24
209.73
210.64
210.16
221.37
218.03
206.43
198.65
198.07
199.56
203.53
202.76
202.05
212.14
206.44
205.14
207.16
212.73
213.35
213.65
214.44
212.05
207.19
208.55
205.72
209.32
210.45
206.98
209.48
213.97
214.42
216.44
216.78
223.71
226.42
220.79
220.13
220.82
222.85
223.76
222.56
219.84
222.49
221.50
220.94
220.96
224.58
228.22
223.58
220.96
227.49
229.93
228.06
227.79
230.44
237.64
238.13
237.65
235.24
236.15
237.58
240.99
242.20
243.24
244.80
246.73
249.25
249.75
245.30
249.17
255.93
257.85
258.19
257.49
260.35
260.44
262.47
262.79
264.78
264.88
265.78
267.43
268.00
266.08
264.01
263.18
266.44
267.16
267.98
268.00
268.25
259.53
263.31
265.89
271.00
270.80
270.07
271.10
272.56
275.30
280.79
281.77
281.90
281.18
282.65
284.25
284.89
289.98
293.97
292.69
293.68
300.60
300.58
299.96
300.90
304.44
310.43
312.67
317.07
317.57
315.50
315.70
318.74
319.02
319.99
319.56
323.33
311.77
318.40
327.85
324.09
322.68
313.49
319.64
324.76
325.22
323.40
321.55
323.90
327.22
326.22
325.98
319.75
324.57
324.65
320.45
304.18
302.53
297.88
286.00
278.41
301.44
304.00
303.40
299.55
290.82
278.09
286.44
281.22
270.00
279.92
259.08
257.61
250.00
252.84
251.83
228.50
247.69
258.25
258.68
255.87
255.52
262.49
248.72
245.15
245.70
263.11
271.70
267.37
270.07
273.70
288.25
286.33
288.20
286.95
281.68
277.25
277.90
281.75
283.01
284.54
