203.86
199.11
209.23
208.13
210.23
203.50
200.83
201.75
196.66
192.77
182.85
185.41
186.02
188.84
186.76
180.28
184.70
182.55
177.81
178.62
177.91
176.00
176.67
174.99
170.27
174.52
181.14
182.15
185.77
191.62
193.60
193.39
193.60
190.30
192.17
195.21
197.31
198.03
198.15
198.17
195.29
197.35
199.57
197.05
200.65
201.36
202.69
202.90
198.41
198.81
201.56
201.71
202.20
204.00
203.50
203.27
203.70
202.36
203.61
207.29
207.17
206.73
207.14
208.44
207.31
211.30
206.74
201.63
192.58
194.04
193.82
199.39
199.29
199.15
200.48
202.59
199.67
203.84
210.03
210.32
211.60
210.75
201.00
205.06
203.53
203.32
206.66
207.20
204.22
207.32
211.51
212.51
211.07
211.71
217.73
222.86
217.02
217.56
219.12
219.44
220.37
217.47
217.65
217.19
217.14
218.83
217.28
220.79
224.20
217.93
215.13
223.89
225.84
224.33
225.64
227.30
232.31
234.67
234.88
233.20
233.52
234.29
237.32
239.62
241.22
241.81
242.88
246.72
242.57
241.21
237.26
249.16
255.38
256.32
255.37
258.11
256.85
258.28
260.92
261.07
262.10
263.01
264.23
265.39
260.40
261.18
260.84
262.52
262.50
265.31
265.90
263.45
256.29
260.68
262.73
267.30
264.91
265.86
268.50
267.32
270.93
276.98
278.80
279.12
278.95
278.56
280.37
282.92
284.70
288.12
285.22
289.52
295.19
296.50
292.75
297.48
297.16
306.20
308.25
311.15
312.17
309.55
312.09
315.00
316.00
317.31
315.65
317.52
304.88
312.19
321.38
318.75
308.29
302.22
313.63
318.95
320.26
318.00
313.85
318.71
321.47
323.35
322.85
314.61
320.00
318.21
310.50
289.23
286.13
286.50
272.96
256.37
277.72
285.80
293.13
291.41
281.23
263.00
269.37
271.86
248.00
252.95
240.00
238.40
237.12
242.61
228.00
212.61
234.30
244.30
246.36
247.05
249.40
252.00
239.13
236.90
238.97
249.38
259.00
261.23
264.70
265.83
278.05
280.63
282.35
276.86
276.85
265.43
272.20
274.87
277.00
279.95
